-116.50; 83.86; 1
-116.50; 82.87; 1
-116.50; 80.90; 1
-116.50; 78.93; 1
-116.50; 76.95; 1
-116.50; 74.98; 1
-116.50; 73.01; 1
-116.50; 71.03; 1
-116.50; 69.06; 1
-116.50; 67.09; 1
-116.50; 65.12; 1
-116.50; 63.14; 1
-116.50; 61.17; 1
-116.50; 59.20; 1
-116.50; 57.22; 1
-116.50; 55.25; 1
-116.50; 53.28; 1
-115.60; 52.32; 1
-113.81; 52.37; 1
-112.02; 52.42; 1
-110.23; 52.47; 1
-108.44; 52.51; 1
-107.97; 52.53; 1
-107.52; 52.54; 1
-107.09; 52.55; 1
-106.67; 52.57; 1
-106.28; 52.58; 1
-105.90; 52.59; 1
-105.53; 52.60; 1
-105.19; 52.61; 1
-104.86; 52.63; 1
-104.54; 52.64; 1
-104.24; 52.65; 1
-103.96; 52.67; 1
-103.69; 52.68; 1
-103.44; 52.70; 1
-103.19; 52.71; 1
-102.97; 52.73; 1
-102.75; 52.75; 1
-102.55; 52.77; 1
-102.36; 52.79; 1
-102.18; 52.81; 1
-102.01; 52.83; 1
-101.86; 52.86; 1
-101.64; 52.90; 1
-101.39; 52.96; 1
-101.18; 53.03; 1
-101.01; 53.11; 1
-100.86; 53.19; 1
-100.74; 53.29; 1
-100.61; 53.46; 1
-100.53; 53.66; 1
-100.49; 53.80; 1
-100.47; 53.97; 1
-100.46; 54.14; 1
-100.46; 54.34; 1
-100.46; 54.55; 1
-100.46; 54.81; 1
-100.46; 55.00; 1
-100.47; 55.18; 1
-100.49; 55.34; 1
-100.52; 55.52; 1
-100.59; 55.72; 1
-100.68; 55.88; 1
-100.81; 56.03; 1
-100.99; 56.15; 1
-101.13; 56.22; 1
-101.29; 56.28; 1
-101.48; 56.34; 1
-101.69; 56.39; 1
-101.93; 56.43; 1
-102.20; 56.47; 1
-102.42; 56.50; 1
-102.58; 56.52; 1
-102.74; 56.53; 1
-102.92; 56.55; 1
-103.10; 56.56; 1
-103.29; 56.58; 1
-103.49; 56.59; 1
-103.71; 56.60; 1
-103.92; 56.62; 1
-104.15; 56.63; 1
-104.39; 56.64; 1
-104.64; 56.65; 1
-104.90; 56.67; 1
-105.17; 56.68; 1
-106.18; 56.73; 1
-107.92; 56.80; 1
-109.66; 56.88; 1
-110.53; 57.86; 1
-110.53; 59.74; 1
-110.53; 61.63; 1
-110.53; 63.51; 1
-110.53; 65.39; 1
-110.53; 67.27; 1
-110.53; 69.16; 1
-110.53; 71.04; 1
-110.53; 72.92; 1
-110.53; 74.81; 1
-110.53; 76.69; 1
-110.53; 78.57; 1
-110.53; 80.45; 1
-109.63; 81.45; 1
-107.84; 81.56; 1
-106.85; 81.63; 1
-106.67; 81.64; 1
-106.49; 81.65; 1
-106.32; 81.67; 1
-106.15; 81.68; 1
-105.99; 81.69; 1
-105.84; 81.71; 1
-105.55; 81.74; 1
-105.28; 81.77; 1
-105.04; 81.80; 1
-104.82; 81.84; 1
-104.62; 81.88; 1
-104.44; 81.93; 1
-104.27; 81.99; 1
-104.13; 82.05; 1
-103.96; 82.13; 1
-103.80; 82.25; 1
-103.66; 82.39; 1
-103.55; 82.56; 1
-103.46; 82.75; 1
-103.39; 82.93; 1
-103.35; 83.09; 1
-103.31; 83.26; 1
-103.28; 83.45; 1
-103.25; 83.65; 1
-103.22; 83.88; 1
-103.19; 84.16; 1
-103.17; 84.36; 1
-103.15; 84.55; 1
-103.15; 84.73; 1
-103.14; 84.89; 1
-103.16; 85.10; 1
-103.20; 85.28; 1
-103.27; 85.43; 1
-103.37; 85.56; 1
-103.51; 85.67; 1
-103.70; 85.75; 1
-103.85; 85.80; 1
-104.01; 85.84; 1
-104.21; 85.87; 1
-104.42; 85.89; 1
-104.66; 85.91; 1
-104.93; 85.92; 1
-105.15; 85.93; 1
-105.31; 85.94; 1
-105.47; 85.94; 1
-105.64; 85.94; 1
-105.82; 85.94; 1
-106.01; 85.95; 1
-106.20; 85.95; 1
-106.40; 85.95; 1
-106.62; 85.95; 1
-108.57; 85.95; 1
-110.53; 85.95; 1
-110.53; 87.90; 1
-110.53; 89.85; 1
-110.53; 91.80; 1
-110.53; 93.75; 1
-110.53; 95.71; 1
-110.53; 97.66; 1
-110.53; 99.61; 1
-110.53; 101.56; 1
-110.53; 103.51; 1
-110.53; 105.47; 1
-110.53; 107.42; 1
-110.53; 109.37; 1
-110.53; 111.32; 1
-108.79; 111.32; 1
-107.05; 111.32; 1
-105.31; 111.32; 1
-105.01; 111.32; 1
-104.72; 111.32; 1
-104.44; 111.32; 1
-104.18; 111.32; 1
-103.93; 111.32; 1
-103.68; 111.33; 1
-103.45; 111.33; 1
-103.23; 111.33; 1
-103.02; 111.34; 1
-102.81; 111.34; 1
-102.62; 111.35; 1
-102.44; 111.36; 1
-102.26; 111.36; 1
-102.10; 111.37; 1
-101.94; 111.38; 1
-101.72; 111.40; 1
-101.45; 111.43; 1
-101.22; 111.47; 1
-101.01; 111.51; 1
-100.83; 111.56; 1
-100.68; 111.62; 1
-100.51; 111.70; 1
-100.36; 111.82; 1
-100.25; 111.97; 1
-100.17; 112.14; 1
-100.12; 112.34; 1
-100.10; 112.52; 1
-100.09; 112.69; 1
-100.08; 112.87; 1
-100.08; 113.06; 1
-100.08; 113.33; 1
-100.09; 113.52; 1
-100.10; 113.71; 1
-100.12; 113.87; 1
-100.15; 114.02; 1
-100.24; 114.23; 1
-100.37; 114.40; 1
-100.48; 114.50; 1
-100.63; 114.59; 1
-100.81; 114.67; 1
-101.02; 114.74; 1
-101.27; 114.80; 1
-101.48; 114.84; 1
-101.63; 114.87; 1
-101.80; 114.90; 1
-101.98; 114.92; 1
-102.17; 114.94; 1
-102.37; 114.96; 1
-102.58; 114.98; 1
-102.81; 115.00; 1
-103.05; 115.01; 1
-103.31; 115.03; 1
-103.58; 115.04; 1
-103.86; 115.06; 1
-104.16; 115.07; 1
-104.47; 115.08; 1
-104.80; 115.10; 1
-105.15; 115.11; 1
-105.51; 115.12; 1
-105.89; 115.13; 1
-106.28; 115.14; 1
-106.70; 115.16; 1
-107.13; 115.17; 1
-107.58; 115.18; 1
-108.05; 115.19; 1
-109.93; 115.25; 1
-111.81; 115.30; 1
-113.68; 115.35; 1
-115.56; 115.40; 1
-116.50; 114.44; 1
-116.50; 112.47; 1
-116.50; 110.49; 1
-116.50; 108.52; 1
-116.50; 106.55; 1
-116.50; 104.57; 1
-116.50; 102.60; 1
-116.50; 100.63; 1
-116.50; 98.66; 1
-116.50; 96.68; 1
-116.50; 94.71; 1
-116.50; 92.74; 1
-116.50; 90.76; 1
-116.50; 88.79; 1
-116.50; 86.82; 1
-116.50; 84.84; 1
-116.50; 83.86; 1
-87.54; 115.20; 0
-88.49; 115.13; 1
-90.38; 114.98; 1
-90.38; 113.02; 1
-90.38; 111.06; 1
-90.38; 109.10; 1
-90.38; 107.14; 1
-90.38; 105.18; 1
-90.38; 103.22; 1
-90.38; 101.26; 1
-90.38; 99.31; 1
-90.38; 97.35; 1
-90.38; 95.39; 1
-90.38; 93.43; 1
-90.38; 91.47; 1
-90.38; 89.51; 1
-90.38; 87.55; 1
-90.38; 85.59; 1
-90.38; 83.63; 1
-90.38; 81.68; 1
-90.38; 79.73; 1
-90.38; 77.77; 1
-90.38; 75.82; 1
-90.38; 73.86; 1
-90.38; 71.91; 1
-90.38; 69.95; 1
-90.38; 68.00; 1
-90.38; 66.05; 1
-90.38; 64.09; 1
-90.38; 62.14; 1
-90.38; 60.18; 1
-90.38; 58.23; 1
-90.38; 56.27; 1
-90.38; 54.32; 1
-90.38; 52.37; 1
-88.39; 52.37; 1
-86.40; 52.37; 1
-84.41; 52.37; 1
-84.40; 54.32; 1
-84.39; 56.27; 1
-84.38; 58.22; 1
-84.37; 60.17; 1
-84.36; 62.12; 1
-84.35; 64.07; 1
-84.34; 66.02; 1
-84.33; 67.96; 1
-84.31; 69.90; 1
-84.30; 71.84; 1
-84.29; 73.78; 1
-84.28; 75.72; 1
-84.27; 77.66; 1
-84.26; 79.60; 1
-83.92; 77.69; 1
-83.58; 75.77; 1
-83.24; 73.85; 1
-82.90; 71.93; 1
-82.56; 70.01; 1
-82.21; 68.09; 1
-81.87; 66.17; 1
-81.54; 64.25; 1
-81.21; 62.33; 1
-80.88; 60.41; 1
-80.55; 58.50; 1
-80.22; 56.58; 1
-79.89; 54.66; 1
-79.56; 52.74; 1
-77.88; 52.74; 1
-76.20; 52.74; 1
-74.56; 52.74; 1
-72.92; 52.74; 1
-72.60; 54.62; 1
-72.27; 56.50; 1
-71.95; 58.39; 1
-71.63; 60.27; 1
-71.31; 62.15; 1
-70.99; 64.04; 1
-70.79; 65.18; 1
-70.73; 65.58; 1
-70.66; 65.98; 1
-70.59; 66.37; 1
-70.53; 66.76; 1
-70.46; 67.15; 1
-70.40; 67.53; 1
-70.33; 67.91; 1
-70.27; 68.29; 1
-70.20; 68.66; 1
-70.14; 69.03; 1
-70.08; 69.39; 1
-70.01; 69.75; 1
-69.95; 70.10; 1
-69.89; 70.45; 1
-69.83; 70.79; 1
-69.77; 71.13; 1
-69.71; 71.46; 1
-69.65; 71.78; 1
-69.60; 72.10; 1
-69.54; 72.41; 1
-69.49; 72.71; 1
-69.43; 73.01; 1
-69.38; 73.30; 1
-69.32; 73.58; 1
-69.27; 73.85; 1
-69.22; 74.12; 1
-69.17; 74.38; 1
-69.13; 74.63; 1
-69.08; 74.87; 1
-69.03; 75.10; 1
-68.99; 75.33; 1
-68.95; 75.54; 1
-68.90; 75.75; 1
-68.86; 75.94; 1
-68.82; 76.13; 1
-68.79; 76.30; 1
-68.75; 76.47; 1
-68.72; 76.62; 1
-68.67; 76.84; 1
-68.61; 77.08; 1
-68.56; 77.28; 1
-68.50; 77.46; 1
-68.39; 77.53; 1
-68.35; 77.35; 1
-68.32; 77.17; 1
-68.29; 76.94; 1
-68.27; 76.66; 1
-68.26; 76.51; 1
-68.24; 76.34; 1
-68.23; 76.16; 1
-68.22; 75.97; 1
-68.21; 75.77; 1
-68.20; 75.56; 1
-68.19; 75.35; 1
-68.17; 75.12; 1
-68.16; 74.88; 1
-68.15; 74.63; 1
-68.14; 74.38; 1
-68.13; 74.11; 1
-68.12; 73.84; 1
-68.11; 73.55; 1
-68.10; 73.26; 1
-68.09; 72.96; 1
-68.09; 72.66; 1
-68.08; 72.34; 1
-68.07; 72.02; 1
-68.06; 71.69; 1
-68.05; 71.36; 1
-68.05; 71.01; 1
-68.04; 70.66; 1
-68.03; 70.31; 1
-68.03; 69.95; 1
-68.02; 69.58; 1
-68.02; 69.21; 1
-68.01; 68.83; 1
-68.01; 68.44; 1
-68.01; 68.05; 1
-68.00; 67.66; 1
-68.00; 67.26; 1
-68.00; 66.86; 1
-67.99; 66.45; 1
-67.99; 66.04; 1
-67.99; 65.62; 1
-67.99; 64.48; 1
-67.99; 62.62; 1
-67.99; 60.75; 1
-67.99; 58.89; 1
-67.99; 57.02; 1
-67.99; 55.16; 1
-67.99; 53.30; 1
-67.12; 52.37; 1
-65.38; 52.37; 1
-63.64; 52.37; 1
-62.77; 53.34; 1
-62.77; 55.30; 1
-62.77; 57.25; 1
-62.77; 59.21; 1
-62.77; 61.16; 1
-62.77; 63.11; 1
-62.77; 65.07; 1
-62.77; 67.02; 1
-62.77; 68.98; 1
-62.77; 70.93; 1
-62.77; 72.89; 1
-62.77; 74.84; 1
-62.77; 76.79; 1
-62.77; 78.75; 1
-62.77; 80.70; 1
-62.77; 82.66; 1
-62.77; 84.61; 1
-62.77; 86.57; 1
-62.77; 88.52; 1
-62.77; 90.47; 1
-62.77; 92.43; 1
-62.77; 94.38; 1
-62.77; 96.34; 1
-62.77; 98.29; 1
-62.77; 100.25; 1
-62.77; 102.20; 1
-62.77; 104.15; 1
-62.77; 106.11; 1
-62.77; 108.06; 1
-62.77; 110.02; 1
-62.77; 111.97; 1
-62.77; 113.93; 1
-63.61; 115.00; 1
-65.31; 115.20; 1
-67.05; 115.40; 1
-68.09; 114.53; 1
-68.43; 112.59; 1
-68.77; 110.65; 1
-69.11; 108.71; 1
-69.15; 108.48; 1
-69.20; 108.24; 1
-69.24; 107.98; 1
-69.29; 107.71; 1
-69.35; 107.42; 1
-69.40; 107.11; 1
-69.46; 106.80; 1
-69.51; 106.47; 1
-69.58; 106.12; 1
-69.64; 105.77; 1
-69.70; 105.40; 1
-69.77; 105.02; 1
-69.84; 104.62; 1
-69.91; 104.22; 1
-69.98; 103.81; 1
-70.06; 103.38; 1
-70.13; 102.95; 1
-70.21; 102.50; 1
-70.29; 102.05; 1
-70.37; 101.59; 1
-70.45; 101.12; 1
-70.53; 100.64; 1
-70.62; 100.15; 1
-70.70; 99.66; 1
-70.79; 99.16; 1
-70.88; 98.65; 1
-70.97; 98.14; 1
-71.06; 97.62; 1
-71.15; 97.09; 1
-71.24; 96.57; 1
-71.33; 96.03; 1
-71.42; 95.50; 1
-71.52; 94.95; 1
-71.61; 94.41; 1
-71.71; 93.86; 1
-71.80; 93.31; 1
-71.90; 92.76; 1
-71.99; 92.21; 1
-72.09; 91.65; 1
-72.19; 91.10; 1
-72.28; 90.54; 1
-72.38; 89.98; 1
-72.47; 89.43; 1
-72.57; 88.87; 1
-72.67; 88.32; 1
-72.76; 87.76; 1
-72.86; 87.21; 1
-72.95; 86.66; 1
-73.05; 86.12; 1
-73.19; 85.30; 1
-73.28; 84.77; 1
-73.38; 84.24; 1
-73.47; 83.71; 1
-73.56; 83.19; 1
-73.65; 82.68; 1
-73.75; 82.17; 1
-73.84; 81.68; 1
-73.93; 81.18; 1
-74.02; 80.70; 1
-74.11; 80.22; 1
-74.20; 79.75; 1
-74.28; 79.29; 1
-74.37; 78.84; 1
-74.46; 78.39; 1
-74.54; 77.96; 1
-74.63; 77.53; 1
-74.71; 77.12; 1
-74.79; 76.71; 1
-74.87; 76.31; 1
-74.95; 75.92; 1
-75.03; 75.55; 1
-75.10; 75.18; 1
-75.18; 74.83; 1
-75.25; 74.48; 1
-75.32; 74.15; 1
-75.39; 73.83; 1
-75.46; 73.52; 1
-75.53; 73.22; 1
-75.59; 72.94; 1
-75.66; 72.67; 1
-75.72; 72.41; 1
-75.78; 72.16; 1
-75.83; 71.93; 1
-75.89; 71.71; 1
-75.94; 71.51; 1
-75.99; 71.32; 1
-76.04; 71.14; 1
-76.08; 70.98; 1
-76.15; 70.77; 1
-76.23; 70.54; 1
-76.29; 70.37; 1
-76.39; 70.24; 1
-76.48; 70.44; 1
-76.54; 70.67; 1
-76.60; 70.90; 1
-76.64; 71.08; 1
-76.68; 71.28; 1
-76.73; 71.50; 1
-76.78; 71.74; 1
-76.83; 72.00; 1
-76.89; 72.28; 1
-76.95; 72.58; 1
-77.01; 72.90; 1
-77.08; 73.24; 1
-77.15; 73.59; 1
-77.22; 73.96; 1
-77.29; 74.35; 1
-77.37; 74.75; 1
-77.45; 75.17; 1
-77.53; 75.60; 1
-77.61; 76.06; 1
-77.69; 76.52; 1
-77.78; 77.00; 1
-77.87; 77.50; 1
-77.96; 78.00; 1
-78.06; 78.53; 1
-78.15; 79.06; 1
-78.25; 79.61; 1
-78.35; 80.17; 1
-78.45; 80.74; 1
-78.55; 81.32; 1
-78.66; 81.92; 1
-78.76; 82.52; 1
-78.87; 83.14; 1
-78.98; 83.76; 1
-79.09; 84.40; 1
-79.20; 85.04; 1
-79.31; 85.69; 1
-79.42; 86.35; 1
-79.54; 87.02; 1
-79.65; 87.70; 1
-79.77; 88.38; 1
-79.89; 89.07; 1
-80.01; 89.77; 1
-80.12; 90.47; 1
-80.24; 91.18; 1
-80.36; 91.89; 1
-80.48; 92.61; 1
-80.67; 93.70; 1
-80.79; 94.42; 1
-80.92; 95.13; 1
-81.04; 95.84; 1
-81.16; 96.54; 1
-81.28; 97.23; 1
-81.40; 97.92; 1
-81.52; 98.60; 1
-81.64; 99.27; 1
-81.75; 99.93; 1
-81.87; 100.59; 1
-81.98; 101.23; 1
-82.09; 101.87; 1
-82.20; 102.49; 1
-82.31; 103.11; 1
-82.42; 103.71; 1
-82.52; 104.30; 1
-82.63; 104.88; 1
-82.73; 105.45; 1
-82.83; 106.01; 1
-82.93; 106.56; 1
-83.02; 107.09; 1
-83.11; 107.61; 1
-83.21; 108.12; 1
-83.29; 108.61; 1
-83.38; 109.09; 1
-83.46; 109.55; 1
-83.55; 110.00; 1
-83.62; 110.43; 1
-83.70; 110.85; 1
-83.77; 111.25; 1
-83.84; 111.63; 1
-83.91; 112.00; 1
-83.98; 112.35; 1
-84.04; 112.69; 1
-84.10; 113.00; 1
-84.15; 113.30; 1
-84.20; 113.58; 1
-84.25; 113.84; 1
-84.30; 114.08; 1
-84.34; 114.30; 1
-84.38; 114.50; 1
-84.42; 114.68; 1
-84.45; 114.84; 1
-84.50; 115.10; 1
-84.54; 115.27; 1
-84.64; 115.37; 1
-84.80; 115.38; 1
-84.97; 115.38; 1
-85.14; 115.38; 1
-85.30; 115.37; 1
-85.48; 115.36; 1
-85.68; 115.35; 1
-85.89; 115.34; 1
-86.08; 115.33; 1
-86.23; 115.32; 1
-86.39; 115.30; 1
-86.55; 115.29; 1
-86.72; 115.28; 1
-86.89; 115.26; 1
-87.06; 115.25; 1
-87.23; 115.23; 1
-87.41; 115.21; 1
-87.54; 115.20; 1
-51.57; 83.71; 0
-51.57; 82.73; 1
-51.57; 80.77; 1
-51.57; 78.81; 1
-51.57; 76.85; 1
-51.57; 74.89; 1
-51.57; 72.93; 1
-51.57; 70.98; 1
-51.57; 69.02; 1
-51.57; 67.06; 1
-51.57; 65.10; 1
-51.57; 63.14; 1
-51.57; 61.18; 1
-51.57; 59.22; 1
-51.57; 57.26; 1
-51.57; 55.30; 1
-51.57; 53.35; 1
-50.70; 52.37; 1
-48.96; 52.37; 1
-47.22; 52.37; 1
-46.35; 53.35; 1
-46.35; 55.30; 1
-46.35; 57.26; 1
-46.35; 59.22; 1
-46.35; 61.18; 1
-46.35; 63.14; 1
-46.35; 65.10; 1
-46.35; 67.06; 1
-46.35; 69.02; 1
-46.35; 70.98; 1
-46.35; 72.93; 1
-46.35; 74.89; 1
-46.35; 76.85; 1
-46.35; 78.81; 1
-46.35; 80.77; 1
-46.35; 82.73; 1
-46.35; 84.69; 1
-46.35; 86.65; 1
-46.35; 88.61; 1
-46.35; 90.57; 1
-46.35; 92.52; 1
-46.35; 94.48; 1
-46.35; 96.44; 1
-46.35; 98.40; 1
-46.35; 100.36; 1
-46.35; 102.32; 1
-46.35; 104.28; 1
-46.35; 106.24; 1
-46.35; 108.20; 1
-46.35; 110.15; 1
-46.35; 112.11; 1
-46.35; 114.07; 1
-47.22; 115.05; 1
-48.96; 115.05; 1
-50.70; 115.05; 1
-51.57; 114.07; 1
-51.57; 112.11; 1
-51.57; 110.15; 1
-51.57; 108.20; 1
-51.57; 106.24; 1
-51.57; 104.28; 1
-51.57; 102.32; 1
-51.57; 100.36; 1
-51.57; 98.40; 1
-51.57; 96.44; 1
-51.57; 94.48; 1
-51.57; 92.52; 1
-51.57; 90.57; 1
-51.57; 88.61; 1
-51.57; 86.65; 1
-51.57; 84.69; 1
-51.57; 83.71; 1
-35.16; 83.71; 0
-35.16; 82.73; 1
-35.16; 80.77; 1
-35.16; 78.81; 1
-35.16; 76.85; 1
-35.16; 74.89; 1
-35.16; 72.93; 1
-35.16; 70.98; 1
-35.16; 69.02; 1
-35.16; 67.06; 1
-35.16; 65.10; 1
-35.16; 63.14; 1
-35.16; 61.18; 1
-35.16; 59.22; 1
-35.16; 57.26; 1
-35.16; 55.30; 1
-35.16; 53.35; 1
-34.16; 52.37; 1
-32.17; 52.37; 1
-30.18; 52.37; 1
-29.19; 53.34; 1
-29.19; 55.30; 1
-29.19; 57.26; 1
-29.19; 59.22; 1
-29.19; 61.18; 1
-29.19; 63.13; 1
-29.19; 65.09; 1
-29.19; 67.05; 1
-29.19; 69.01; 1
-29.19; 69.55; 1
-29.19; 70.09; 1
-29.18; 70.62; 1
-29.18; 71.15; 1
-29.18; 71.67; 1
-29.17; 72.18; 1
-29.17; 72.69; 1
-29.16; 73.19; 1
-29.16; 73.68; 1
-29.15; 74.17; 1
-29.15; 74.64; 1
-29.14; 75.11; 1
-29.13; 75.58; 1
-29.12; 76.03; 1
-29.11; 76.47; 1
-29.10; 76.91; 1
-29.09; 77.33; 1
-29.08; 77.75; 1
-29.07; 78.15; 1
-29.06; 78.55; 1
-29.05; 78.94; 1
-29.03; 79.31; 1
-29.02; 79.67; 1
-29.00; 80.03; 1
-28.99; 80.37; 1
-28.98; 80.70; 1
-28.96; 81.02; 1
-28.95; 81.32; 1
-28.93; 81.62; 1
-28.91; 81.90; 1
-28.90; 82.17; 1
-28.88; 82.42; 1
-28.86; 82.66; 1
-28.84; 82.89; 1
-28.82; 83.10; 1
-28.81; 83.30; 1
-28.79; 83.49; 1
-28.77; 83.66; 1
-28.75; 83.81; 1
-28.71; 84.08; 1
-28.67; 84.28; 1
-28.61; 84.44; 1
-28.48; 84.38; 1
-28.42; 84.18; 1
-28.35; 83.95; 1
-28.29; 83.74; 1
-28.25; 83.58; 1
-28.20; 83.40; 1
-28.15; 83.22; 1
-28.10; 83.01; 1
-28.05; 82.80; 1
-27.99; 82.57; 1
-27.93; 82.33; 1
-27.87; 82.08; 1
-27.80; 81.81; 1
-27.74; 81.53; 1
-27.67; 81.24; 1
-27.60; 80.94; 1
-27.53; 80.63; 1
-27.45; 80.31; 1
-27.37; 79.98; 1
-27.29; 79.63; 1
-27.21; 79.28; 1
-27.13; 78.92; 1
-27.05; 78.55; 1
-26.96; 78.17; 1
-26.87; 77.78; 1
-26.78; 77.38; 1
-26.69; 76.97; 1
-26.60; 76.56; 1
-26.50; 76.13; 1
-26.41; 75.70; 1
-26.31; 75.27; 1
-26.22; 74.82; 1
-26.12; 74.37; 1
-26.02; 73.92; 1
-25.92; 73.46; 1
-25.82; 72.99; 1
-25.71; 72.52; 1
-25.61; 72.04; 1
-25.51; 71.56; 1
-25.40; 71.07; 1
-25.30; 70.58; 1
-25.19; 70.08; 1
-25.08; 69.58; 1
-24.98; 69.08; 1
-24.87; 68.58; 1
-24.76; 68.07; 1
-24.35; 66.10; 1
-23.95; 64.12; 1
-23.54; 62.15; 1
-23.13; 60.18; 1
-22.72; 58.21; 1
-22.32; 56.24; 1
-21.91; 54.26; 1
-21.50; 52.29; 1
-19.71; 52.44; 1
-17.92; 52.59; 1
-16.13; 52.74; 1
-16.11; 54.69; 1
-16.10; 56.64; 1
-16.08; 58.59; 1
-16.07; 60.54; 1
-16.06; 62.49; 1
-16.04; 64.44; 1
-16.03; 66.39; 1
-16.01; 68.34; 1
-16.00; 70.29; 1
-15.99; 72.24; 1
-15.97; 74.18; 1
-15.96; 76.13; 1
-15.94; 78.08; 1
-15.93; 80.03; 1
-15.92; 81.98; 1
-15.90; 83.93; 1
-15.89; 85.88; 1
-15.88; 87.82; 1
-15.87; 89.77; 1
-15.87; 91.71; 1
-15.86; 93.66; 1
-15.85; 95.60; 1
-15.84; 97.55; 1
-15.83; 99.49; 1
-15.82; 101.44; 1
-15.81; 103.38; 1
-15.80; 105.33; 1
-15.79; 107.27; 1
-15.78; 109.22; 1
-15.77; 111.16; 1
-15.76; 113.11; 1
-15.75; 115.05; 1
-17.74; 115.05; 1
-19.73; 115.05; 1
-21.72; 115.05; 1
-21.73; 113.15; 1
-21.74; 111.24; 1
-21.75; 109.34; 1
-21.76; 107.43; 1
-21.77; 105.53; 1
-21.78; 103.62; 1
-21.79; 101.72; 1
-21.79; 99.81; 1
-21.80; 98.56; 1
-21.80; 97.96; 1
-21.80; 97.38; 1
-21.80; 96.81; 1
-21.81; 96.25; 1
-21.81; 95.70; 1
-21.81; 95.16; 1
-21.82; 94.63; 1
-21.82; 94.12; 1
-21.83; 93.61; 1
-21.84; 93.12; 1
-21.84; 92.64; 1
-21.85; 92.17; 1
-21.86; 91.72; 1
-21.87; 91.27; 1
-21.88; 90.84; 1
-21.89; 90.42; 1
-21.90; 90.01; 1
-21.91; 89.62; 1
-21.92; 89.23; 1
-21.93; 88.86; 1
-21.95; 88.51; 1
-21.96; 88.16; 1
-21.97; 87.83; 1
-21.99; 87.51; 1
-22.00; 87.21; 1
-22.02; 86.91; 1
-22.03; 86.63; 1
-22.05; 86.37; 1
-22.06; 86.12; 1
-22.08; 85.88; 1
-22.10; 85.65; 1
-22.12; 85.44; 1
-22.13; 85.24; 1
-22.15; 85.06; 1
-22.17; 84.89; 1
-22.19; 84.74; 1
-22.23; 84.47; 1
-22.27; 84.26; 1
-22.32; 84.08; 1
-22.44; 84.02; 1
-22.53; 84.25; 1
-22.60; 84.44; 1
-22.67; 84.69; 1
-22.73; 84.91; 1
-22.77; 85.07; 1
-22.82; 85.24; 1
-22.87; 85.42; 1
-22.92; 85.62; 1
-22.97; 85.83; 1
-23.02; 86.04; 1
-23.08; 86.27; 1
-23.14; 86.51; 1
-23.19; 86.76; 1
-23.26; 87.02; 1
-23.32; 87.29; 1
-23.38; 87.56; 1
-23.45; 87.85; 1
-23.52; 88.14; 1
-23.59; 88.45; 1
-23.66; 88.76; 1
-23.73; 89.08; 1
-23.80; 89.41; 1
-23.88; 89.75; 1
-23.95; 90.09; 1
-24.03; 90.44; 1
-24.11; 90.80; 1
-24.19; 91.16; 1
-24.27; 91.53; 1
-24.35; 91.91; 1
-24.43; 92.29; 1
-24.52; 92.68; 1
-24.60; 93.07; 1
-24.68; 93.47; 1
-24.77; 93.88; 1
-24.86; 94.28; 1
-24.94; 94.70; 1
-25.03; 95.11; 1
-25.12; 95.53; 1
-25.20; 95.96; 1
-25.29; 96.39; 1
-25.38; 96.82; 1
-25.47; 97.25; 1
-25.56; 97.69; 1
-25.65; 98.12; 1
-25.74; 98.57; 1
-25.87; 99.23; 1
-25.96; 99.67; 1
-26.05; 100.11; 1
-26.14; 100.55; 1
-26.23; 100.98; 1
-26.32; 101.41; 1
-26.40; 101.84; 1
-26.49; 102.26; 1
-26.58; 102.69; 1
-26.66; 103.10; 1
-26.75; 103.52; 1
-26.83; 103.92; 1
-26.92; 104.33; 1
-27.00; 104.73; 1
-27.08; 105.12; 1
-27.16; 105.51; 1
-27.24; 105.89; 1
-27.32; 106.27; 1
-27.39; 106.64; 1
-27.47; 107.01; 1
-27.54; 107.36; 1
-27.62; 107.71; 1
-27.69; 108.06; 1
-27.76; 108.40; 1
-27.83; 108.72; 1
-27.90; 109.05; 1
-27.96; 109.36; 1
-28.02; 109.66; 1
-28.09; 109.96; 1
-28.15; 110.25; 1
-28.21; 110.53; 1
-28.26; 110.79; 1
-28.32; 111.05; 1
-28.37; 111.30; 1
-28.42; 111.54; 1
-28.47; 111.77; 1
-28.51; 111.99; 1
-28.56; 112.20; 1
-28.60; 112.40; 1
-28.64; 112.58; 1
-28.67; 112.76; 1
-28.71; 112.92; 1
-28.74; 113.07; 1
-28.79; 113.33; 1
-28.84; 113.54; 1
-28.88; 113.73; 1
-28.95; 113.94; 1
-29.02; 114.08; 1
-29.11; 114.22; 1
-29.22; 114.34; 1
-29.34; 114.45; 1
-29.47; 114.55; 1
-29.63; 114.65; 1
-29.80; 114.73; 1
-30.00; 114.80; 1
-30.18; 114.85; 1
-30.33; 114.89; 1
-30.49; 114.92; 1
-30.67; 114.95; 1
-30.85; 114.98; 1
-31.04; 115.00; 1
-31.25; 115.02; 1
-31.47; 115.03; 1
-31.69; 115.04; 1
-31.93; 115.05; 1
-32.18; 115.05; 1
-34.17; 115.05; 1
-35.16; 114.07; 1
-35.16; 112.11; 1
-35.16; 110.15; 1
-35.16; 108.20; 1
-35.16; 106.24; 1
-35.16; 104.28; 1
-35.16; 102.32; 1
-35.16; 100.36; 1
-35.16; 98.40; 1
-35.16; 96.44; 1
-35.16; 94.48; 1
-35.16; 92.52; 1
-35.16; 90.57; 1
-35.16; 88.61; 1
-35.16; 86.65; 1
-35.16; 84.69; 1
-35.16; 83.71; 1
-6.65; 83.93; 0
-6.64; 82.96; 1
-6.63; 81.01; 1
-6.61; 79.06; 1
-6.60; 77.11; 1
-6.59; 75.16; 1
-6.57; 73.21; 1
-6.56; 71.26; 1
-6.54; 69.31; 1
-6.53; 67.36; 1
-6.52; 65.41; 1
-6.50; 63.46; 1
-6.49; 61.51; 1
-6.47; 59.56; 1
-6.46; 57.61; 1
-6.45; 55.66; 1
-6.43; 53.71; 1
-5.53; 52.71; 1
-3.74; 52.66; 1
-1.95; 52.61; 1
-0.16; 52.56; 1
1.63; 52.51; 1
3.63; 52.46; 1
5.63; 52.40; 1
7.62; 52.35; 1
9.62; 52.29; 1
9.62; 53.83; 1
9.62; 55.35; 1
9.62; 56.84; 1
7.88; 56.84; 1
6.14; 56.84; 1
4.40; 56.84; 1
2.65; 56.84; 1
0.91; 56.84; 1
-0.83; 56.84; 1
-0.83; 58.74; 1
-0.83; 60.63; 1
-0.83; 62.53; 1
-0.83; 64.42; 1
-0.83; 66.32; 1
-0.83; 68.21; 1
-0.83; 70.10; 1
-0.83; 72.00; 1
-0.83; 73.89; 1
-0.83; 75.79; 1
-0.83; 77.68; 1
-0.83; 79.58; 1
-0.83; 81.47; 1
1.04; 81.47; 1
2.90; 81.47; 1
3.12; 81.47; 1
3.32; 81.47; 1
3.52; 81.47; 1
3.71; 81.47; 1
3.90; 81.47; 1
4.07; 81.48; 1
4.24; 81.48; 1
4.40; 81.48; 1
4.55; 81.49; 1
4.83; 81.50; 1
5.09; 81.52; 1
5.32; 81.54; 1
5.53; 81.58; 1
5.71; 81.61; 1
5.87; 81.66; 1
6.05; 81.73; 1
6.22; 81.83; 1
6.35; 81.96; 1
6.46; 82.12; 1
6.53; 82.30; 1
6.57; 82.48; 1
6.60; 82.65; 1
6.61; 82.82; 1
6.63; 83.02; 1
6.63; 83.23; 1
6.63; 83.46; 1
6.63; 83.84; 1
6.63; 84.08; 1
6.63; 84.30; 1
6.62; 84.50; 1
6.61; 84.69; 1
6.59; 84.86; 1
6.56; 85.01; 1
6.50; 85.21; 1
6.41; 85.38; 1
6.29; 85.52; 1
6.14; 85.64; 1
5.95; 85.73; 1
5.80; 85.78; 1
5.62; 85.82; 1
5.43; 85.86; 1
5.21; 85.89; 1
4.97; 85.91; 1
4.70; 85.92; 1
4.47; 85.93; 1
4.32; 85.94; 1
4.16; 85.94; 1
3.98; 85.94; 1
3.81; 85.94; 1
3.62; 85.95; 1
3.43; 85.95; 1
3.22; 85.95; 1
3.01; 85.95; 1
1.09; 85.95; 1
-0.83; 85.95; 1
-0.83; 87.90; 1
-0.83; 89.85; 1
-0.83; 91.80; 1
-0.83; 93.75; 1
-0.83; 95.71; 1
-0.83; 97.66; 1
-0.83; 99.61; 1
-0.83; 101.56; 1
-0.83; 103.51; 1
-0.83; 105.47; 1
-0.83; 107.42; 1
-0.83; 109.37; 1
-0.83; 111.32; 1
0.91; 111.32; 1
2.65; 111.32; 1
4.40; 111.32; 1
4.69; 111.32; 1
4.98; 111.32; 1
5.26; 111.32; 1
5.52; 111.32; 1
5.77; 111.32; 1
6.02; 111.33; 1
6.25; 111.33; 1
6.47; 111.33; 1
6.68; 111.34; 1
6.89; 111.34; 1
7.08; 111.35; 1
7.26; 111.36; 1
7.44; 111.36; 1
7.60; 111.37; 1
7.76; 111.39; 1
7.98; 111.40; 1
8.25; 111.43; 1
8.48; 111.47; 1
8.69; 111.52; 1
8.87; 111.57; 1
9.02; 111.63; 1
9.19; 111.72; 1
9.34; 111.84; 1
9.45; 111.99; 1
9.53; 112.17; 1
9.58; 112.38; 1
9.60; 112.53; 1
9.61; 112.70; 1
9.62; 112.88; 1
9.62; 113.08; 1
9.62; 115.05; 1
7.80; 115.05; 1
5.97; 115.05; 1
4.15; 115.05; 1
2.32; 115.05; 1
0.50; 115.05; 1
-1.33; 115.05; 1
-3.15; 115.05; 1
-4.97; 115.05; 1
-6.80; 115.05; 1
-6.79; 113.11; 1
-6.78; 111.16; 1
-6.77; 109.22; 1
-6.76; 107.27; 1
-6.75; 105.33; 1
-6.74; 103.38; 1
-6.73; 101.44; 1
-6.72; 99.49; 1
-6.71; 97.55; 1
-6.71; 95.60; 1
-6.70; 93.66; 1
-6.69; 91.71; 1
-6.68; 89.77; 1
-6.67; 87.82; 1
-6.66; 85.88; 1
-6.65; 83.93; 1
18.95; 113.41; 0
18.85; 113.33; 1
18.66; 113.18; 1
18.47; 113.03; 1
18.29; 112.87; 1
18.12; 112.71; 1
17.95; 112.55; 1
17.79; 112.38; 1
17.63; 112.21; 1
17.48; 112.04; 1
17.33; 111.87; 1
17.19; 111.69; 1
17.05; 111.51; 1
16.92; 111.32; 1
16.79; 111.13; 1
16.67; 110.94; 1
16.56; 110.74; 1
16.44; 110.53; 1
16.33; 110.32; 1
16.23; 110.10; 1
16.13; 109.88; 1
16.04; 109.65; 1
15.95; 109.41; 1
15.86; 109.16; 1
15.78; 108.91; 1
15.70; 108.65; 1
15.63; 108.39; 1
15.56; 108.11; 1
15.49; 107.83; 1
15.43; 107.54; 1
15.37; 107.24; 1
15.32; 106.93; 1
15.26; 106.61; 1
15.22; 106.28; 1
15.17; 105.95; 1
15.13; 105.60; 1
15.09; 105.24; 1
15.06; 104.87; 1
15.02; 104.49; 1
14.99; 104.10; 1
14.97; 103.70; 1
14.94; 103.28; 1
14.92; 102.86; 1
14.90; 102.42; 1
14.89; 101.97; 1
14.88; 101.50; 1
14.86; 101.02; 1
14.86; 100.53; 1
14.85; 100.03; 1
14.85; 99.51; 1
14.84; 98.98; 1
14.85; 97.98; 1
14.85; 97.27; 1
14.86; 96.58; 1
14.88; 95.91; 1
14.90; 95.26; 1
14.92; 94.64; 1
14.96; 94.03; 1
14.99; 93.45; 1
15.03; 92.88; 1
15.08; 92.33; 1
15.14; 91.81; 1
15.20; 91.30; 1
15.26; 90.80; 1
15.34; 90.33; 1
15.42; 89.87; 1
15.50; 89.43; 1
15.60; 89.01; 1
15.70; 88.60; 1
15.81; 88.21; 1
15.93; 87.83; 1
16.05; 87.47; 1
16.18; 87.12; 1
16.33; 86.79; 1
16.48; 86.47; 1
16.63; 86.16; 1
16.80; 85.87; 1
16.98; 85.59; 1
17.17; 85.32; 1
17.36; 85.07; 1
17.57; 84.82; 1
17.78; 84.59; 1
18.01; 84.37; 1
18.24; 84.16; 1
18.49; 83.96; 1
18.75; 83.77; 1
19.02; 83.59; 1
19.30; 83.42; 1
19.59; 83.25; 1
19.89; 83.10; 1
20.20; 82.95; 1
20.53; 82.81; 1
20.87; 82.68; 1
21.21; 82.56; 1
21.58; 82.44; 1
21.95; 82.33; 1
22.34; 82.22; 1
22.74; 82.12; 1
23.15; 82.02; 1
23.58; 81.93; 1
24.12; 81.82; 1
24.30; 81.78; 1
24.49; 81.74; 1
24.68; 81.68; 1
24.86; 81.63; 1
25.04; 81.57; 1
25.22; 81.50; 1
25.40; 81.43; 1
25.57; 81.36; 1
25.74; 81.29; 1
25.91; 81.21; 1
26.07; 81.12; 1
26.22; 81.04; 1
26.37; 80.95; 1
26.52; 80.87; 1
26.65; 80.78; 1
26.78; 80.69; 1
26.90; 80.59; 1
27.07; 80.46; 1
27.22; 80.32; 1
27.35; 80.18; 1
27.45; 80.04; 1
27.57; 79.82; 1
27.63; 79.65; 1
27.68; 79.46; 1
27.73; 79.24; 1
27.78; 78.98; 1
27.82; 78.70; 1
27.85; 78.54; 1
27.87; 78.38; 1
27.89; 78.20; 1
27.91; 78.03; 1
27.93; 77.84; 1
27.95; 77.65; 1
27.97; 77.45; 1
27.99; 77.24; 1
28.00; 77.03; 1
28.02; 76.81; 1
28.04; 76.58; 1
28.05; 76.35; 1
28.07; 76.12; 1
28.09; 75.87; 1
28.10; 75.63; 1
28.12; 75.37; 1
28.13; 75.11; 1
28.14; 74.85; 1
28.15; 74.58; 1
28.17; 74.31; 1
28.18; 74.04; 1
28.19; 73.76; 1
28.20; 73.47; 1
28.21; 73.18; 1
28.22; 72.89; 1
28.23; 72.60; 1
28.23; 72.30; 1
28.24; 72.00; 1
28.25; 71.69; 1
28.25; 71.39; 1
28.26; 71.08; 1
28.26; 70.77; 1
28.27; 70.45; 1
28.27; 70.14; 1
28.27; 69.82; 1
28.27; 69.50; 1
28.28; 69.18; 1
28.28; 68.55; 1
28.27; 67.94; 1
28.27; 67.36; 1
28.27; 66.79; 1
28.26; 66.25; 1
28.25; 65.72; 1
28.24; 65.22; 1
28.23; 64.73; 1
28.22; 64.26; 1
28.20; 63.81; 1
28.18; 63.38; 1
28.16; 62.97; 1
28.14; 62.57; 1
28.11; 62.19; 1
28.08; 61.83; 1
28.05; 61.48; 1
28.02; 61.15; 1
27.98; 60.84; 1
27.94; 60.54; 1
27.89; 60.25; 1
27.84; 59.98; 1
27.79; 59.73; 1
27.73; 59.48; 1
27.67; 59.25; 1
27.61; 59.04; 1
27.54; 58.83; 1
27.47; 58.64; 1
27.39; 58.46; 1
27.31; 58.29; 1
27.22; 58.14; 1
27.13; 57.99; 1
27.04; 57.86; 1
26.94; 57.73; 1
26.83; 57.62; 1
26.72; 57.51; 1
26.60; 57.42; 1
26.48; 57.33; 1
26.36; 57.25; 1
26.22; 57.18; 1
26.08; 57.12; 1
25.94; 57.06; 1
25.79; 57.02; 1
25.63; 56.97; 1
25.47; 56.94; 1
25.30; 56.91; 1
25.12; 56.89; 1
24.94; 56.87; 1
24.75; 56.86; 1
24.55; 56.85; 1
24.35; 56.84; 1
23.96; 56.85; 1
23.68; 56.87; 1
23.42; 56.91; 1
23.18; 56.96; 1
22.94; 57.02; 1
22.72; 57.10; 1
22.52; 57.19; 1
22.32; 57.30; 1
22.14; 57.43; 1
21.97; 57.57; 1
21.82; 57.73; 1
21.67; 57.91; 1
21.54; 58.10; 1
21.42; 58.31; 1
21.31; 58.54; 1
21.21; 58.78; 1
21.13; 59.04; 1
21.05; 59.33; 1
21.02; 59.48; 1
20.99; 59.63; 1
20.96; 59.79; 1
20.93; 59.95; 1
20.91; 60.11; 1
20.89; 60.29; 1
20.87; 60.46; 1
20.86; 60.65; 1
20.84; 60.83; 1
20.83; 61.02; 1
20.82; 61.22; 1
20.82; 61.42; 1
20.81; 61.63; 1
20.81; 62.57; 1
20.81; 64.22; 1
19.82; 65.05; 1
17.83; 65.05; 1
17.66; 65.05; 1
17.50; 65.05; 1
17.35; 65.05; 1
17.13; 65.05; 1
16.85; 65.04; 1
16.60; 65.03; 1
16.37; 65.02; 1
16.17; 65.00; 1
15.98; 64.97; 1
15.81; 64.94; 1
15.66; 64.90; 1
15.46; 64.82; 1
15.30; 64.73; 1
15.17; 64.61; 1
15.06; 64.46; 1
14.98; 64.29; 1
14.93; 64.09; 1
14.90; 63.94; 1
14.88; 63.77; 1
14.86; 63.58; 1
14.85; 63.38; 1
14.85; 63.16; 1
14.84; 62.93; 1
14.85; 62.51; 1
14.86; 62.06; 1
14.90; 61.62; 1
14.95; 61.18; 1
15.02; 60.75; 1
15.11; 60.33; 1
15.21; 59.92; 1
15.33; 59.51; 1
15.47; 59.11; 1
15.61; 58.72; 1
15.78; 58.34; 1
15.96; 57.97; 1
16.15; 57.61; 1
16.35; 57.26; 1
16.57; 56.92; 1
16.79; 56.58; 1
17.04; 56.26; 1
17.29; 55.95; 1
17.55; 55.65; 1
17.82; 55.37; 1
18.11; 55.09; 1
18.40; 54.83; 1
18.70; 54.57; 1
19.02; 54.33; 1
19.34; 54.11; 1
19.66; 53.89; 1
20.00; 53.69; 1
20.34; 53.51; 1
20.69; 53.33; 1
21.05; 53.17; 1
21.41; 53.03; 1
21.78; 52.90; 1
22.15; 52.78; 1
22.52; 52.68; 1
22.90; 52.60; 1
23.29; 52.53; 1
23.68; 52.48; 1
24.07; 52.44; 1
24.46; 52.42; 1
24.86; 52.42; 1
25.25; 52.44; 1
25.65; 52.47; 1
26.05; 52.52; 1
26.45; 52.59; 1
26.85; 52.67; 1
27.25; 52.78; 1
27.64; 52.90; 1
28.04; 53.04; 1
28.44; 53.21; 1
28.83; 53.39; 1
29.26; 53.61; 1
29.50; 53.74; 1
29.72; 53.87; 1
29.94; 53.99; 1
30.15; 54.12; 1
30.34; 54.24; 1
30.54; 54.37; 1
30.72; 54.50; 1
30.90; 54.63; 1
31.06; 54.76; 1
31.23; 54.90; 1
31.38; 55.04; 1
31.53; 55.19; 1
31.67; 55.34; 1
31.80; 55.50; 1
31.93; 55.66; 1
32.05; 55.83; 1
32.16; 56.01; 1
32.27; 56.20; 1
32.37; 56.39; 1
32.47; 56.59; 1
32.56; 56.81; 1
32.64; 57.03; 1
32.73; 57.27; 1
32.80; 57.51; 1
32.87; 57.77; 1
32.94; 58.05; 1
33.00; 58.33; 1
33.05; 58.63; 1
33.11; 58.94; 1
33.15; 59.27; 1
33.20; 59.62; 1
33.24; 59.98; 1
33.28; 60.36; 1
33.31; 60.75; 1
33.34; 61.16; 1
33.37; 61.59; 1
33.39; 62.05; 1
33.41; 62.52; 1
33.43; 63.01; 1
33.44; 63.52; 1
33.46; 64.05; 1
33.47; 64.61; 1
33.48; 65.18; 1
33.49; 65.78; 1
33.49; 66.41; 1
33.50; 67.06; 1
33.50; 67.73; 1
33.50; 68.43; 1
33.50; 69.42; 1
33.50; 69.95; 1
33.50; 70.45; 1
33.50; 70.95; 1
33.49; 71.42; 1
33.49; 71.89; 1
33.49; 72.34; 1
33.48; 72.78; 1
33.48; 73.20; 1
33.47; 73.61; 1
33.47; 74.01; 1
33.46; 74.39; 1
33.45; 74.76; 1
33.44; 75.12; 1
33.43; 75.47; 1
33.42; 75.81; 1
33.41; 76.13; 1
33.40; 76.45; 1
33.38; 76.75; 1
33.37; 77.04; 1
33.35; 77.32; 1
33.33; 77.59; 1
33.32; 77.86; 1
33.30; 78.11; 1
33.28; 78.35; 1
33.26; 78.58; 1
33.23; 78.81; 1
33.21; 79.02; 1
33.19; 79.23; 1
33.16; 79.43; 1
33.13; 79.62; 1
33.10; 79.80; 1
33.07; 79.97; 1
33.04; 80.14; 1
33.01; 80.30; 1
32.97; 80.45; 1
32.94; 80.60; 1
32.86; 80.88; 1
32.78; 81.13; 1
32.69; 81.36; 1
32.60; 81.57; 1
32.50; 81.76; 1
32.39; 81.94; 1
32.26; 82.13; 1
32.17; 82.25; 1
32.08; 82.38; 1
31.98; 82.50; 1
31.88; 82.62; 1
31.77; 82.74; 1
31.66; 82.86; 1
31.54; 82.98; 1
31.42; 83.10; 1
31.30; 83.22; 1
31.17; 83.33; 1
31.04; 83.44; 1
30.91; 83.56; 1
30.78; 83.67; 1
30.64; 83.77; 1
30.50; 83.88; 1
30.35; 83.98; 1
30.20; 84.09; 1
30.06; 84.19; 1
29.90; 84.29; 1
29.75; 84.38; 1
29.60; 84.48; 1
29.44; 84.57; 1
29.28; 84.66; 1
29.12; 84.75; 1
28.96; 84.83; 1
28.80; 84.92; 1
28.63; 85.00; 1
28.47; 85.07; 1
28.31; 85.15; 1
28.14; 85.22; 1
27.97; 85.29; 1
27.81; 85.35; 1
27.64; 85.42; 1
27.47; 85.48; 1
27.31; 85.53; 1
27.14; 85.59; 1
26.97; 85.64; 1
26.81; 85.68; 1
26.64; 85.72; 1
26.48; 85.76; 1
26.32; 85.80; 1
26.16; 85.83; 1
26.00; 85.86; 1
25.84; 85.88; 1
25.68; 85.91; 1
25.52; 85.92; 1
25.37; 85.93; 1
25.22; 85.94; 1
25.07; 85.95; 1
24.77; 85.95; 1
24.56; 85.96; 1
24.36; 85.96; 1
24.16; 85.98; 1
23.97; 86.00; 1
23.79; 86.02; 1
23.61; 86.05; 1
23.44; 86.09; 1
23.28; 86.13; 1
23.13; 86.19; 1
22.98; 86.24; 1
22.83; 86.31; 1
22.70; 86.38; 1
22.57; 86.47; 1
22.44; 86.56; 1
22.33; 86.66; 1
22.21; 86.77; 1
22.11; 86.89; 1
22.01; 87.02; 1
21.91; 87.17; 1
21.82; 87.32; 1
21.73; 87.49; 1
21.65; 87.67; 1
21.58; 87.86; 1
21.50; 88.07; 1
21.44; 88.28; 1
21.37; 88.52; 1
21.32; 88.76; 1
21.26; 89.02; 1
21.21; 89.30; 1
21.16; 89.59; 1
21.12; 89.90; 1
21.08; 90.23; 1
21.04; 90.57; 1
21.01; 90.92; 1
20.98; 91.30; 1
20.95; 91.69; 1
20.93; 92.11; 1
20.91; 92.54; 1
20.89; 92.99; 1
20.87; 93.46; 1
20.86; 93.95; 1
20.85; 94.46; 1
20.84; 94.99; 1
20.83; 95.54; 1
20.82; 96.11; 1
20.82; 96.71; 1
20.82; 97.33; 1
20.81; 97.97; 1
20.81; 98.94; 1
20.81; 99.53; 1
20.81; 100.10; 1
20.81; 100.65; 1
20.81; 101.18; 1
20.82; 101.68; 1
20.82; 102.16; 1
20.82; 102.62; 1
20.82; 103.06; 1
20.83; 103.48; 1
20.83; 103.88; 1
20.84; 104.27; 1
20.84; 104.63; 1
20.85; 104.98; 1
20.86; 105.31; 1
20.87; 105.62; 1
20.88; 105.92; 1
20.89; 106.20; 1
20.91; 106.46; 1
20.92; 106.72; 1
20.94; 106.95; 1
20.96; 107.18; 1
20.98; 107.39; 1
21.01; 107.59; 1
21.03; 107.78; 1
21.06; 107.96; 1
21.09; 108.12; 1
21.12; 108.28; 1
21.18; 108.50; 1
21.26; 108.75; 1
21.35; 108.98; 1
21.45; 109.18; 1
21.57; 109.36; 1
21.70; 109.52; 1
21.84; 109.67; 1
22.00; 109.81; 1
22.17; 109.94; 1
22.36; 110.07; 1
22.57; 110.21; 1
22.88; 110.41; 1
23.07; 110.52; 1
23.24; 110.63; 1
23.41; 110.73; 1
23.56; 110.81; 1
23.71; 110.89; 1
23.85; 110.95; 1
24.05; 111.03; 1
24.24; 111.08; 1
24.42; 111.11; 1
24.61; 111.11; 1
24.79; 111.09; 1
24.98; 111.05; 1
25.17; 110.98; 1
25.34; 110.91; 1
25.49; 110.83; 1
25.64; 110.75; 1
25.81; 110.66; 1
25.98; 110.55; 1
26.16; 110.44; 1
26.36; 110.31; 1
26.59; 110.15; 1
26.76; 110.03; 1
26.92; 109.91; 1
27.07; 109.78; 1
27.21; 109.66; 1
27.33; 109.53; 1
27.45; 109.41; 1
27.56; 109.27; 1
27.65; 109.14; 1
27.74; 109.00; 1
27.82; 108.85; 1
27.90; 108.70; 1
27.96; 108.53; 1
28.02; 108.36; 1
28.07; 108.19; 1
28.11; 108.00; 1
28.15; 107.80; 1
28.18; 107.59; 1
28.21; 107.36; 1
28.23; 107.13; 1
28.25; 106.88; 1
28.26; 106.61; 1
28.27; 106.33; 1
28.27; 106.11; 1
28.28; 105.96; 1
28.28; 105.80; 1
28.28; 105.53; 1
28.28; 105.34; 1
28.28; 105.15; 1
28.28; 104.98; 1
28.28; 104.81; 1
28.28; 104.65; 1
28.28; 104.50; 1
28.29; 104.22; 1
28.30; 103.96; 1
28.32; 103.73; 1
28.35; 103.52; 1
28.38; 103.33; 1
28.42; 103.17; 1
28.47; 103.02; 1
28.56; 102.84; 1
28.69; 102.69; 1
28.84; 102.58; 1
29.03; 102.50; 1
29.21; 102.45; 1
29.38; 102.42; 1
29.56; 102.40; 1
29.77; 102.38; 1
30.00; 102.37; 1
30.24; 102.37; 1
30.52; 102.37; 1
30.81; 102.37; 1
32.60; 102.37; 1
33.50; 103.32; 1
33.50; 105.22; 1
33.50; 106.27; 1
33.50; 106.47; 1
33.50; 106.66; 1
33.50; 106.84; 1
33.49; 107.02; 1
33.49; 107.19; 1
33.48; 107.36; 1
33.47; 107.52; 1
33.47; 107.68; 1
33.46; 107.83; 1
33.44; 108.05; 1
33.41; 108.33; 1
33.38; 108.60; 1
33.33; 108.85; 1
33.28; 109.09; 1
33.22; 109.32; 1
33.15; 109.55; 1
33.07; 109.76; 1
32.98; 109.97; 1
32.88; 110.18; 1
32.76; 110.38; 1
32.64; 110.59; 1
32.50; 110.79; 1
32.34; 111.00; 1
32.18; 111.21; 1
31.99; 111.43; 1
31.84; 111.59; 1
31.74; 111.71; 1
31.63; 111.82; 1
31.52; 111.94; 1
31.40; 112.07; 1
31.28; 112.19; 1
31.16; 112.32; 1
31.03; 112.45; 1
30.83; 112.65; 1
30.70; 112.77; 1
30.57; 112.90; 1
30.45; 113.02; 1
30.33; 113.13; 1
30.21; 113.24; 1
30.10; 113.35; 1
29.98; 113.45; 1
29.81; 113.59; 1
29.60; 113.77; 1
29.38; 113.94; 1
29.18; 114.09; 1
28.97; 114.22; 1
28.76; 114.35; 1
28.56; 114.46; 1
28.35; 114.56; 1
28.14; 114.64; 1
27.92; 114.72; 1
27.70; 114.79; 1
27.47; 114.85; 1
27.23; 114.90; 1
26.98; 114.94; 1
26.71; 114.97; 1
26.43; 115.00; 1
26.14; 115.02; 1
25.99; 115.03; 1
25.83; 115.03; 1
25.67; 115.04; 1
25.51; 115.04; 1
25.33; 115.05; 1
25.16; 115.05; 1
24.98; 115.05; 1
24.79; 115.05; 1
24.54; 115.05; 1
24.39; 115.05; 1
24.23; 115.05; 1
24.01; 115.04; 1
23.72; 115.03; 1
23.44; 115.01; 1
23.17; 114.99; 1
22.90; 114.96; 1
22.65; 114.93; 1
22.40; 114.90; 1
22.15; 114.85; 1
21.91; 114.81; 1
21.68; 114.75; 1
21.46; 114.69; 1
21.24; 114.63; 1
21.02; 114.56; 1
20.81; 114.48; 1
20.60; 114.40; 1
20.40; 114.31; 1
20.21; 114.22; 1
20.01; 114.12; 1
19.82; 114.01; 1
19.63; 113.90; 1
19.45; 113.78; 1
19.26; 113.65; 1
19.08; 113.52; 1
18.95; 113.41; 1