-100.49; 106.98; 0
-101.47; 106.98; 1
-103.41; 106.98; 1
-105.36; 106.98; 1
-107.31; 106.98; 1
-109.25; 106.98; 1
-111.20; 106.98; 1
-113.14; 106.98; 1
-115.09; 106.98; 1
-117.04; 106.98; 1
-118.98; 106.98; 1
-120.93; 106.98; 1
-122.88; 106.98; 1
-124.82; 106.98; 1
-126.77; 106.98; 1
-128.71; 106.98; 1
-130.66; 106.98; 1
-132.61; 106.98; 1
-134.55; 106.98; 1
-136.50; 106.98; 1
-136.50; 108.97; 1
-136.50; 110.96; 1
-136.50; 112.95; 1
-136.50; 114.93; 1
-136.50; 116.92; 1
-136.50; 118.91; 1
-136.50; 120.90; 1
-136.50; 122.88; 1
-136.50; 124.87; 1
-136.50; 126.86; 1
-136.50; 128.84; 1
-136.50; 130.83; 1
-136.50; 132.82; 1
-136.50; 134.81; 1
-136.50; 136.79; 1
-136.50; 138.78; 1
-136.50; 140.77; 1
-136.50; 142.76; 1
-136.50; 144.74; 1
-136.50; 146.73; 1
-136.50; 148.72; 1
-136.50; 150.71; 1
-136.50; 152.69; 1
-136.50; 154.68; 1
-136.50; 156.67; 1
-136.50; 158.66; 1
-136.50; 160.64; 1
-135.53; 161.64; 1
-133.58; 161.64; 1
-131.63; 161.64; 1
-129.69; 161.64; 1
-127.74; 161.64; 1
-125.80; 161.64; 1
-123.85; 161.64; 1
-121.90; 161.64; 1
-119.96; 161.64; 1
-118.01; 161.64; 1
-116.06; 161.64; 1
-114.12; 161.64; 1
-112.17; 161.64; 1
-110.22; 161.64; 1
-108.28; 161.64; 1
-106.33; 161.64; 1
-104.39; 161.64; 1
-102.44; 161.64; 1
-100.49; 161.64; 1
-100.49; 159.79; 1
-100.49; 157.94; 1
-100.49; 156.10; 1
-101.48; 155.18; 1
-103.47; 155.18; 1
-105.45; 155.18; 1
-107.43; 155.18; 1
-109.41; 155.18; 1
-111.39; 155.18; 1
-113.38; 155.18; 1
-115.36; 155.18; 1
-117.34; 155.18; 1
-119.32; 155.18; 1
-121.30; 155.18; 1
-123.29; 155.18; 1
-125.27; 155.18; 1
-127.25; 155.18; 1
-129.23; 155.18; 1
-129.23; 153.18; 1
-129.23; 151.18; 1
-129.23; 149.19; 1
-129.23; 147.19; 1
-129.23; 145.19; 1
-129.23; 143.20; 1
-129.23; 141.20; 1
-128.24; 140.20; 1
-126.26; 140.20; 1
-124.28; 140.20; 1
-122.30; 140.20; 1
-120.31; 140.20; 1
-118.33; 140.20; 1
-116.35; 140.20; 1
-114.37; 140.20; 1
-112.39; 140.20; 1
-110.40; 140.20; 1
-108.42; 140.20; 1
-106.44; 140.20; 1
-104.46; 140.20; 1
-102.48; 140.20; 1
-100.49; 140.20; 1
-100.49; 138.36; 1
-100.49; 136.51; 1
-100.49; 134.66; 1
-101.48; 133.74; 1
-103.47; 133.74; 1
-105.45; 133.74; 1
-107.43; 133.74; 1
-109.41; 133.74; 1
-111.39; 133.74; 1
-113.38; 133.74; 1
-115.36; 133.74; 1
-117.34; 133.74; 1
-119.32; 133.74; 1
-121.30; 133.74; 1
-123.29; 133.74; 1
-125.27; 133.74; 1
-127.25; 133.74; 1
-129.23; 133.74; 1
-129.23; 131.81; 1
-129.23; 129.87; 1
-129.23; 127.94; 1
-129.23; 126.01; 1
-129.23; 124.08; 1
-129.23; 122.14; 1
-129.23; 120.21; 1
-129.23; 118.28; 1
-129.23; 116.34; 1
-129.23; 114.41; 1
-128.24; 113.44; 1
-126.26; 113.44; 1
-124.28; 113.44; 1
-122.30; 113.44; 1
-120.31; 113.44; 1
-118.33; 113.44; 1
-116.35; 113.44; 1
-114.37; 113.44; 1
-112.39; 113.44; 1
-110.40; 113.44; 1
-108.42; 113.44; 1
-106.44; 113.44; 1
-104.46; 113.44; 1
-102.48; 113.44; 1
-100.49; 113.44; 1
-100.49; 111.60; 1
-100.49; 109.75; 1
-100.49; 107.91; 1
-40.30; 106.98; 0
-41.21; 106.98; 1
-43.02; 106.98; 1
-44.84; 106.98; 1
-46.66; 106.98; 1
-47.57; 107.96; 1
-47.57; 109.93; 1
-47.57; 111.89; 1
-47.57; 113.85; 1
-47.57; 115.81; 1
-47.57; 117.78; 1
-47.57; 119.74; 1
-47.57; 121.70; 1
-47.57; 123.66; 1
-47.57; 125.62; 1
-47.57; 127.59; 1
-47.57; 129.55; 1
-47.57; 131.51; 1
-47.57; 133.47; 1
-47.57; 135.43; 1
-47.57; 137.40; 1
-47.57; 139.36; 1
-47.57; 141.32; 1
-47.57; 143.28; 1
-47.57; 145.25; 1
-47.57; 147.21; 1
-47.57; 149.17; 1
-47.57; 151.13; 1
-47.57; 153.09; 1
-48.03; 153.10; 1
-48.95; 151.16; 1
-49.87; 149.22; 1
-50.79; 147.28; 1
-51.71; 145.34; 1
-52.63; 143.39; 1
-53.55; 141.45; 1
-54.47; 139.51; 1
-55.39; 137.57; 1
-56.31; 135.63; 1
-57.24; 133.68; 1
-58.16; 131.74; 1
-59.08; 129.80; 1
-60.00; 127.86; 1
-60.92; 125.92; 1
-61.84; 123.97; 1
-62.76; 122.03; 1
-64.49; 122.03; 1
-66.23; 122.03; 1
-67.55; 123.00; 1
-68.46; 124.95; 1
-69.38; 126.89; 1
-70.29; 128.83; 1
-71.21; 130.77; 1
-72.12; 132.71; 1
-73.03; 134.66; 1
-73.95; 136.60; 1
-74.86; 138.54; 1
-75.78; 140.48; 1
-76.69; 142.42; 1
-77.61; 144.37; 1
-78.52; 146.31; 1
-79.43; 148.25; 1
-80.35; 150.19; 1
-81.26; 152.13; 1
-82.18; 154.08; 1
-82.18; 152.11; 1
-82.18; 150.15; 1
-82.18; 148.19; 1
-82.18; 146.23; 1
-82.18; 144.26; 1
-82.18; 142.30; 1
-82.18; 140.34; 1
-82.18; 138.38; 1
-82.18; 136.42; 1
-82.18; 134.45; 1
-82.18; 132.49; 1
-82.18; 130.53; 1
-82.18; 128.57; 1
-82.18; 126.61; 1
-82.18; 124.64; 1
-82.18; 122.68; 1
-82.18; 120.72; 1
-82.18; 118.76; 1
-82.18; 116.79; 1
-82.18; 114.83; 1
-82.18; 112.87; 1
-82.18; 110.91; 1
-82.18; 108.95; 1
-82.18; 106.98; 1
-84.12; 106.98; 1
-86.06; 106.98; 1
-88.00; 106.98; 1
-88.97; 107.98; 1
-88.97; 109.96; 1
-88.97; 111.95; 1
-88.97; 113.94; 1
-88.97; 115.93; 1
-88.97; 117.91; 1
-88.97; 119.90; 1
-88.97; 121.89; 1
-88.97; 123.88; 1
-88.97; 125.86; 1
-88.97; 127.85; 1
-88.97; 129.84; 1
-88.97; 131.83; 1
-88.97; 133.81; 1
-88.97; 135.80; 1
-88.97; 137.79; 1
-88.97; 139.78; 1
-88.97; 141.76; 1
-88.97; 143.75; 1
-88.97; 145.74; 1
-88.97; 147.72; 1
-88.97; 149.71; 1
-88.97; 151.70; 1
-88.97; 153.69; 1
-88.97; 155.67; 1
-88.97; 157.66; 1
-88.97; 159.65; 1
-88.97; 161.64; 1
-86.99; 161.64; 1
-85.00; 161.64; 1
-83.02; 161.64; 1
-81.04; 161.64; 1
-79.06; 161.64; 1
-78.12; 159.67; 1
-77.18; 157.71; 1
-76.24; 155.75; 1
-75.30; 153.78; 1
-74.36; 151.82; 1
-73.42; 149.86; 1
-72.48; 147.89; 1
-71.54; 145.93; 1
-70.60; 143.97; 1
-69.66; 142.01; 1
-68.72; 140.04; 1
-67.78; 138.08; 1
-66.84; 136.12; 1
-65.90; 134.15; 1
-64.96; 132.19; 1
-64.03; 132.19; 1
-63.12; 134.15; 1
-62.21; 136.12; 1
-61.30; 138.08; 1
-60.39; 140.04; 1
-59.48; 142.01; 1
-58.58; 143.97; 1
-57.67; 145.93; 1
-56.76; 147.89; 1
-55.85; 149.86; 1
-54.94; 151.82; 1
-54.03; 153.78; 1
-53.12; 155.75; 1
-52.21; 157.71; 1
-51.30; 159.67; 1
-50.39; 161.64; 1
-48.56; 161.64; 1
-46.72; 161.64; 1
-44.89; 161.64; 1
-43.05; 161.64; 1
-41.22; 161.64; 1
-40.30; 160.64; 1
-40.30; 158.66; 1
-40.30; 156.67; 1
-40.30; 154.68; 1
-40.30; 152.69; 1
-40.30; 150.71; 1
-40.30; 148.72; 1
-40.30; 146.73; 1
-40.30; 144.74; 1
-40.30; 142.76; 1
-40.30; 140.77; 1
-40.30; 138.78; 1
-40.30; 136.79; 1
-40.30; 134.81; 1
-40.30; 132.82; 1
-40.30; 130.83; 1
-40.30; 128.84; 1
-40.30; 126.86; 1
-40.30; 124.87; 1
-40.30; 122.88; 1
-40.30; 120.90; 1
-40.30; 118.91; 1
-40.30; 116.92; 1
-40.30; 114.93; 1
-40.30; 112.95; 1
-40.30; 110.96; 1
-40.30; 108.97; 1
-40.30; 106.98; 1
-6.35; 106.98; 0
-7.33; 106.98; 1
-9.29; 106.98; 1
-11.25; 106.98; 1
-13.21; 106.98; 1
-15.18; 106.98; 1
-17.14; 106.98; 1
-19.10; 106.98; 1
-21.06; 106.98; 1
-23.02; 106.98; 1
-24.99; 106.98; 1
-26.95; 106.98; 1
-27.93; 107.91; 1
-27.93; 109.77; 1
-27.93; 111.63; 1
-27.03; 112.56; 1
-25.24; 112.56; 1
-23.46; 112.56; 1
-21.67; 112.56; 1
-20.77; 113.55; 1
-20.77; 115.53; 1
-20.77; 117.51; 1
-20.77; 119.48; 1
-20.77; 121.46; 1
-20.77; 123.44; 1
-20.77; 125.41; 1
-20.77; 127.39; 1
-20.77; 129.37; 1
-20.77; 131.34; 1
-20.77; 133.32; 1
-20.77; 135.30; 1
-20.77; 137.28; 1
-20.77; 139.25; 1
-20.77; 141.23; 1
-20.77; 143.21; 1
-20.77; 145.18; 1
-20.77; 147.16; 1
-20.77; 149.14; 1
-20.77; 151.11; 1
-20.77; 153.09; 1
-20.77; 155.07; 1
-21.67; 156.06; 1
-23.46; 156.06; 1
-25.24; 156.06; 1
-27.03; 156.06; 1
-27.93; 156.99; 1
-27.93; 158.85; 1
-27.93; 160.71; 1
-26.95; 161.64; 1
-24.99; 161.64; 1
-23.02; 161.64; 1
-21.06; 161.64; 1
-19.10; 161.64; 1
-17.14; 161.64; 1
-15.18; 161.64; 1
-13.21; 161.64; 1
-11.25; 161.64; 1
-9.29; 161.64; 1
-7.33; 161.64; 1
-6.35; 160.71; 1
-6.35; 158.85; 1
-6.35; 156.99; 1
-7.24; 156.06; 1
-9.03; 156.06; 1
-10.82; 156.06; 1
-12.61; 156.06; 1
-13.50; 155.07; 1
-13.50; 153.09; 1
-13.50; 151.11; 1
-13.50; 149.14; 1
-13.50; 147.16; 1
-13.50; 145.18; 1
-13.50; 143.21; 1
-13.50; 141.23; 1
-13.50; 139.25; 1
-13.50; 137.28; 1
-13.50; 135.30; 1
-13.50; 133.32; 1
-13.50; 131.34; 1
-13.50; 129.37; 1
-13.50; 127.39; 1
-13.50; 125.41; 1
-13.50; 123.44; 1
-13.50; 121.46; 1
-13.50; 119.48; 1
-13.50; 117.51; 1
-13.50; 115.53; 1
-13.50; 113.55; 1
-12.61; 112.56; 1
-10.82; 112.56; 1
-9.03; 112.56; 1
-7.24; 112.56; 1
-6.35; 111.63; 1
-6.35; 109.77; 1
-6.35; 107.91; 1
47.72; 106.98; 0
46.72; 106.98; 1
44.72; 106.98; 1
42.72; 106.98; 1
40.72; 106.98; 1
38.73; 106.98; 1
37.67; 108.98; 1
36.61; 110.97; 1
35.55; 112.97; 1
34.50; 114.97; 1
33.44; 116.96; 1
32.38; 118.96; 1
31.32; 120.95; 1
30.26; 122.95; 1
29.21; 124.94; 1
28.15; 126.94; 1
27.09; 128.93; 1
26.03; 130.93; 1
24.98; 132.93; 1
23.92; 134.92; 1
22.86; 136.92; 1
21.80; 138.91; 1
20.75; 140.91; 1
19.69; 142.90; 1
18.63; 144.90; 1
17.57; 146.89; 1
16.52; 148.89; 1
15.46; 150.88; 1
14.40; 152.88; 1
13.34; 154.88; 1
12.81; 154.88; 1
12.81; 152.88; 1
12.81; 150.88; 1
12.81; 148.89; 1
12.81; 146.89; 1
12.81; 144.90; 1
12.81; 142.90; 1
12.81; 140.91; 1
12.81; 138.91; 1
12.81; 136.92; 1
12.81; 134.92; 1
12.81; 132.93; 1
12.81; 130.93; 1
12.81; 128.93; 1
12.81; 126.94; 1
12.81; 124.94; 1
12.81; 122.95; 1
12.81; 120.95; 1
12.81; 118.96; 1
12.81; 116.96; 1
12.81; 114.97; 1
12.81; 112.97; 1
12.81; 110.97; 1
12.81; 108.98; 1
12.81; 106.98; 1
10.87; 106.98; 1
8.93; 106.98; 1
6.99; 106.98; 1
6.02; 107.98; 1
6.02; 109.96; 1
6.02; 111.95; 1
6.02; 113.94; 1
6.02; 115.93; 1
6.02; 117.91; 1
6.02; 119.90; 1
6.02; 121.89; 1
6.02; 123.88; 1
6.02; 125.86; 1
6.02; 127.85; 1
6.02; 129.84; 1
6.02; 131.83; 1
6.02; 133.81; 1
6.02; 135.80; 1
6.02; 137.79; 1
6.02; 139.78; 1
6.02; 141.76; 1
6.02; 143.75; 1
6.02; 145.74; 1
6.02; 147.72; 1
6.02; 149.71; 1
6.02; 151.70; 1
6.02; 153.69; 1
6.02; 155.67; 1
6.02; 157.66; 1
6.02; 159.65; 1
6.02; 161.64; 1
7.90; 161.64; 1
9.78; 161.64; 1
11.66; 161.64; 1
13.53; 161.64; 1
15.41; 161.64; 1
17.29; 161.64; 1
18.34; 159.65; 1
19.39; 157.67; 1
20.44; 155.69; 1
21.49; 153.70; 1
22.54; 151.72; 1
23.59; 149.73; 1
24.64; 147.75; 1
25.70; 145.77; 1
26.75; 143.78; 1
27.80; 141.80; 1
28.85; 139.82; 1
29.90; 137.83; 1
30.95; 135.85; 1
32.00; 133.86; 1
33.05; 131.88; 1
34.10; 129.90; 1
35.15; 127.91; 1
36.20; 125.93; 1
37.25; 123.95; 1
38.30; 121.96; 1
39.35; 119.98; 1
40.40; 118.00; 1
40.93; 118.00; 1
40.93; 119.98; 1
40.93; 121.96; 1
40.93; 123.95; 1
40.93; 125.93; 1
40.93; 127.91; 1
40.93; 129.90; 1
40.93; 131.88; 1
40.93; 133.86; 1
40.93; 135.85; 1
40.93; 137.83; 1
40.93; 139.82; 1
40.93; 141.80; 1
40.93; 143.78; 1
40.93; 145.77; 1
40.93; 147.75; 1
40.93; 149.73; 1
40.93; 151.72; 1
40.93; 153.70; 1
40.93; 155.69; 1
40.93; 157.67; 1
40.93; 159.65; 1
40.93; 161.64; 1
42.87; 161.64; 1
44.81; 161.64; 1
46.75; 161.64; 1
47.72; 160.64; 1
47.72; 158.66; 1
47.72; 156.67; 1
47.72; 154.68; 1
47.72; 152.69; 1
47.72; 150.71; 1
47.72; 148.72; 1
47.72; 146.73; 1
47.72; 144.74; 1
47.72; 142.76; 1
47.72; 140.77; 1
47.72; 138.78; 1
47.72; 136.79; 1
47.72; 134.81; 1
47.72; 132.82; 1
47.72; 130.83; 1
47.72; 128.84; 1
47.72; 126.86; 1
47.72; 124.87; 1
47.72; 122.88; 1
47.72; 120.90; 1
47.72; 118.91; 1
47.72; 116.92; 1
47.72; 114.93; 1
47.72; 112.95; 1
47.72; 110.96; 1
47.72; 108.97; 1
47.72; 106.98; 1
98.26; 106.98; 0
97.29; 106.98; 1
95.34; 106.98; 1
93.39; 106.98; 1
91.45; 106.98; 1
89.50; 106.98; 1
87.56; 106.98; 1
85.61; 106.98; 1
83.66; 106.98; 1
81.72; 106.98; 1
79.77; 106.98; 1
77.82; 106.98; 1
75.88; 106.98; 1
73.93; 106.98; 1
71.99; 106.98; 1
70.04; 106.98; 1
68.09; 106.98; 1
66.15; 106.98; 1
64.20; 106.98; 1
62.25; 106.98; 1
62.25; 108.97; 1
62.25; 110.96; 1
62.25; 112.95; 1
62.25; 114.93; 1
62.25; 116.92; 1
62.25; 118.91; 1
62.25; 120.90; 1
62.25; 122.88; 1
62.25; 124.87; 1
62.25; 126.86; 1
62.25; 128.84; 1
62.25; 130.83; 1
62.25; 132.82; 1
62.25; 134.81; 1
62.25; 136.79; 1
62.25; 138.78; 1
62.25; 140.77; 1
62.25; 142.76; 1
62.25; 144.74; 1
62.25; 146.73; 1
62.25; 148.72; 1
62.25; 150.71; 1
62.25; 152.69; 1
62.25; 154.68; 1
62.25; 156.67; 1
62.25; 158.66; 1
62.25; 160.64; 1
63.23; 161.64; 1
65.17; 161.64; 1
67.12; 161.64; 1
69.07; 161.64; 1
71.01; 161.64; 1
72.96; 161.64; 1
74.90; 161.64; 1
76.85; 161.64; 1
78.80; 161.64; 1
80.74; 161.64; 1
82.69; 161.64; 1
84.64; 161.64; 1
86.58; 161.64; 1
88.53; 161.64; 1
90.48; 161.64; 1
92.42; 161.64; 1
94.37; 161.64; 1
96.31; 161.64; 1
98.26; 161.64; 1
98.26; 159.79; 1
98.26; 157.94; 1
98.26; 156.10; 1
97.27; 155.18; 1
95.29; 155.18; 1
93.31; 155.18; 1
91.32; 155.18; 1
89.34; 155.18; 1
87.36; 155.18; 1
85.38; 155.18; 1
83.40; 155.18; 1
81.41; 155.18; 1
79.43; 155.18; 1
77.45; 155.18; 1
75.47; 155.18; 1
73.49; 155.18; 1
71.50; 155.18; 1
69.52; 155.18; 1
69.52; 153.18; 1
69.52; 151.18; 1
69.52; 149.19; 1
69.52; 147.19; 1
69.52; 145.19; 1
69.52; 143.20; 1
69.52; 141.20; 1
70.51; 140.20; 1
72.49; 140.20; 1
74.48; 140.20; 1
76.46; 140.20; 1
78.44; 140.20; 1
80.42; 140.20; 1
82.40; 140.20; 1
84.39; 140.20; 1
86.37; 140.20; 1
88.35; 140.20; 1
90.33; 140.20; 1
92.31; 140.20; 1
94.30; 140.20; 1
96.28; 140.20; 1
98.26; 140.20; 1
98.26; 138.36; 1
98.26; 136.51; 1
98.26; 134.66; 1
97.27; 133.74; 1
95.29; 133.74; 1
93.31; 133.74; 1
91.32; 133.74; 1
89.34; 133.74; 1
87.36; 133.74; 1
85.38; 133.74; 1
83.40; 133.74; 1
81.41; 133.74; 1
79.43; 133.74; 1
77.45; 133.74; 1
75.47; 133.74; 1
73.49; 133.74; 1
71.50; 133.74; 1
69.52; 133.74; 1
69.52; 131.81; 1
69.52; 129.87; 1
69.52; 127.94; 1
69.52; 126.01; 1
69.52; 124.08; 1
69.52; 122.14; 1
69.52; 120.21; 1
69.52; 118.28; 1
69.52; 116.34; 1
69.52; 114.41; 1
70.51; 113.44; 1
72.49; 113.44; 1
74.48; 113.44; 1
76.46; 113.44; 1
78.44; 113.44; 1
80.42; 113.44; 1
82.40; 113.44; 1
84.39; 113.44; 1
86.37; 113.44; 1
88.35; 113.44; 1
90.33; 113.44; 1
92.31; 113.44; 1
94.30; 113.44; 1
96.28; 113.44; 1
98.26; 113.44; 1
98.26; 111.60; 1
98.26; 109.75; 1
98.26; 107.91; 1
149.50; 122.58; 0
149.36; 121.63; 1
149.09; 119.73; 1
148.45; 117.82; 1
147.44; 115.90; 1
146.43; 113.98; 1
145.05; 112.33; 1
143.30; 110.96; 1
141.54; 109.58; 1
139.78; 108.51; 1
138.02; 107.75; 1
136.17; 107.13; 1
134.22; 106.65; 1
132.29; 106.31; 1
130.37; 106.12; 1
128.46; 106.05; 1
126.56; 106.08; 1
124.66; 106.10; 1
122.75; 106.22; 1
120.84; 106.43; 1
118.94; 106.76; 1
117.04; 107.21; 1
115.15; 107.66; 1
113.25; 108.11; 1
111.43; 108.77; 1
109.60; 109.42; 1
109.19; 111.25; 1
108.79; 113.07; 1
108.38; 114.90; 1
107.97; 116.72; 1
107.57; 118.55; 1
107.88; 119.46; 1
109.45; 118.32; 1
111.03; 117.18; 1
112.72; 116.27; 1
114.41; 115.36; 1
116.35; 114.70; 1
118.28; 114.05; 1
120.21; 113.39; 1
122.12; 112.90; 1
124.00; 112.58; 1
125.88; 112.43; 1
127.77; 112.46; 1
129.67; 112.48; 1
131.56; 112.51; 1
133.46; 112.96; 1
135.36; 113.41; 1
137.20; 114.79; 1
139.04; 116.17; 1
140.88; 117.56; 1
141.40; 119.39; 1
141.93; 121.22; 1
141.66; 122.86; 1
141.38; 124.51; 1
140.37; 126.04; 1
138.63; 127.47; 1
136.88; 128.90; 1
134.93; 129.41; 1
132.98; 129.92; 1
131.03; 130.43; 1
129.30; 130.71; 1
127.58; 131.00; 1
125.85; 131.29; 1
124.02; 131.66; 1
122.08; 132.13; 1
120.14; 132.59; 1
118.20; 133.05; 1
116.45; 133.82; 1
114.70; 134.59; 1
113.16; 135.71; 1
111.62; 136.83; 1
110.33; 138.63; 1
109.03; 140.43; 1
108.47; 142.29; 1
107.91; 144.14; 1
108.00; 146.07; 1
108.09; 147.99; 1
108.17; 149.92; 1
108.62; 151.77; 1
109.44; 153.55; 1
110.70; 155.40; 1
112.39; 157.32; 1
114.18; 158.51; 1
115.96; 159.69; 1
117.77; 160.62; 1
119.60; 161.31; 1
121.46; 161.84; 1
123.33; 162.21; 1
125.24; 162.41; 1
127.18; 162.43; 1
129.11; 162.46; 1
131.05; 162.49; 1
132.97; 162.40; 1
134.86; 162.19; 1
136.77; 161.87; 1
138.70; 161.42; 1
140.62; 160.98; 1
142.54; 160.54; 1
144.35; 159.91; 1
146.16; 159.28; 1
146.39; 157.47; 1
146.62; 155.66; 1
146.84; 153.85; 1
147.07; 152.03; 1
147.30; 150.22; 1
145.98; 150.77; 1
144.38; 151.87; 1
142.69; 152.82; 1
140.93; 153.64; 1
139.19; 154.31; 1
137.46; 154.84; 1
135.74; 155.37; 1
133.92; 155.78; 1
131.99; 156.07; 1
130.08; 156.20; 1
128.18; 156.15; 1
126.27; 156.10; 1
124.37; 156.05; 1
122.53; 155.52; 1
120.70; 154.99; 1
118.87; 153.46; 1
117.05; 151.92; 1
116.12; 150.25; 1
116.08; 148.44; 1
116.04; 146.63; 1
116.00; 144.83; 1
116.83; 143.19; 1
118.53; 141.73; 1
120.23; 140.27; 1
122.16; 139.80; 1
124.08; 139.33; 1
126.00; 138.86; 1
127.93; 138.45; 1
129.84; 138.10; 1
131.76; 137.76; 1
133.68; 137.41; 1
135.49; 136.90; 1
137.31; 136.38; 1
139.12; 135.87; 1
140.93; 135.36; 1
142.62; 134.45; 1
144.30; 133.53; 1
145.70; 131.83; 1
147.10; 130.13; 1
148.50; 128.43; 1
148.94; 126.58; 1
149.39; 124.72; 1
149.46; 123.30; 1
